70
2 33
40 17
41 39
53 11
14 25
24 42
60 19
64 9
41 24
10 7
28 1
39 25
11 65
46 26
42 66
35 59
61 59
54 19
70 3
67 21
58 18
9 44
1 6
61 49
44 6
63 27
41 12
69 52
30 33
31 42
20 22
36 68
12 34
35 30
34 46
10 17
50 7
57 36
8 3
54 65
45 53
67 63
31 29
14 23
48 51
29 4
38 37
55 8
5 14
26 43
23 6
52 32
37 45
49 58
20 27
48 57
37 69
62 38
16 51
46 54
21 56
68 47
56 29
15 43
62 18
47 60
22 55
13 4
40 66
7560 7818
1017 346
6157 8574
4580 9218
5105 563
7375 8955
5021 537
5379 4977
358 270
3073 2604
9911 127
3740 5054
2951 9231
3768 8993
4918 2805
6882 4822
6328 925
49 1244
5691 5153
1839 5569
8363 2622
9291 6710
6593 1486
3002 2231
4713 8179
9021 3970
3614 3589
2919 5710
3483 9207
1233 8157
699 3417
9759 4857
235 1137
3950 5236
3074 7814
253 543
7462 6682
9390 4292
9904 4176
8377 4762
4030 4098
5325 1081
6982 6717
7516 3516
5775 7088
5404 2338
3943 2573
1491 1947
3681 3493
6732 294
2685 1536
4030 3093
2661 9633
9685 4789
9847 6431
9862 4812
6851 9805
8794 3173
5055 7090
6836 6963
4018 7217
8711 1805
5115 1521
1574 126
3858 8130
9744 3499
6139 1796
5791 5057
4904 8571
9934 3291
