50
26 23
23 30
5 35
43 16
1 33
16 7
29 47
40 6
9 36
32 41
35 46
17 24
8 30
33 15
43 39
2 18
28 4
5 7
44 2
44 34
6 20
32 5
28 15
11 22
42 48
26 50
38 27
39 45
24 20
19 49
13 35
43 12
48 29
37 19
14 3
47 17
22 10
23 3
34 45
13 1
36 14
40 11
18 25
10 2
38 31
8 49
41 37
31 21
42 27
8522 3465
6887 9412
7190 1095
2090 7684
2926 6466
5984 6658
5084 1340
7721 9904
7199 7981
6708 3416
6342 7587
2062 5624
2959 3773
4340 5422
8660 163
3452 1899
2600 2036
5939 9811
5321 1255
8933 5894
9379 5550
3881 4930
7445 9756
2813 9668
1127 9150
7468 71
7605 1801
8282 3258
9299 7343
973 7131
3622 7828
5746 5568
9444 8626
9179 8418
5661 3730
5936 9107
7713 7372
9320 8736
2336 5210
1659 2009
3348 2172
8899 2996
3376 5542
3311 3810
2924 7637
3940 5667
1705 6228
4819 4599
4878 1305
8206 9301